image: pgm
resolution: 0.025000
#origin: [-13.800000, -15.000000, 0.000000]
origin: [-22.950000, -20.000000, 0.000000]
negate: 0
occupied_thresh: 0.65
free_thresh: 0.196

