image: pgm
resolution: 0.025000
#origin: [-14.600000, -18.200000, 0.000000]
origin: [-1.8334000, -0.645000, 0.000000]
negate: 0
occupied_thresh: 0.65
free_thresh: 0.196

