image: pgm
resolution: 0.025000
origin: [-4.00, -2.0, 0.000000]
negate: 0
occupied_thresh: 0.65
free_thresh: 0.196

