image: pgm
resolution: 0.025000
#origin: [-22.800000, -20.400000, 0.000000]
origin: [-14.1, -11.5, 0.0]
negate: 0
occupied_thresh: 0.5
free_thresh: 0.5

